05.jpg,226,350,167
05.jpg,476,352,171

09.jpg,224,280,176
09.jpg,533,266,202
09.jpg,830,280,176

10.jpg,394,201,112
10.jpg,410,546,181

11.jpg,153,170,111
11.jpg,644,208,107
11.jpg,370,302,104
11.jpg,608,486,140
11.jpg,215,590,189

12.jpg,390,275,213

13.jpg,108,111,74

17.jpg,237,248,181
17.jpg,571,249,183
17.jpg,272,600,147
17.jpg,551,594,143

19.jpg,145,219,137
19.jpg,455,213,137

20.jpg,171,182,152
20.jpg,514,182,152
20.jpg,855,182,152
20.jpg,174,514,151
20.jpg,520,514,156
20.jpg,859,514,148
20.jpg,178,849,162
20.jpg,515,849,136
20.jpg,844,849,164

21.jpg,479,277,243